{
    "objects": [
        {
            "metadata": {
                "version": 4.6,
                "type": "Object",
                "generator": "Object3D.toJSON"
            },
            "geometries": [
                {
                    "uuid": "8e684a5b-1076-4fb2-933c-75800efa8435",
                    "type": "BoxGeometry",
                    "width": 2,
                    "height": 3,
                    "depth": 1,
                    "widthSegments": 1,
                    "heightSegments": 1,
                    "depthSegments": 1
                }
            ],
            "materials": [
                {
                    "uuid": "7636768e-693c-4d8e-aa36-32551a3e17d6",
                    "type": "MeshBasicMaterial",
                    "color": 16711935,
                    "reflectivity": 1,
                    "refractionRatio": 0.98,
                    "blendColor": 0
                }
            ],
            "object": {
                "uuid": "8c17b362-0dbd-4a68-8e4e-a60db931bfb8",
                "type": "Mesh",
                "layers": 1,
                "matrix": [
                    0.4406106362077945,
                    0.8058622672605626,
                    -0.3955354263099934,
                    0,
                    0,
                    0.4406106362077945,
                    0.8976983163961948,
                    0,
                    0.8976983163961948,
                    -0.3955354263099934,
                    0.19413773273943735,
                    0,
                    0,
                    0,
                    0,
                    1
                ],
                "up": [
                    0,
                    1,
                    0
                ],
                "geometry": "8e684a5b-1076-4fb2-933c-75800efa8435",
                "material": "7636768e-693c-4d8e-aa36-32551a3e17d6"
            }
        },
        {
            "metadata": {
                "version": 4.6,
                "type": "Object",
                "generator": "Object3D.toJSON"
            },
            "geometries": [
                {
                    "uuid": "2c577623-653d-4229-bdd6-92544b65d0db",
                    "type": "BoxGeometry",
                    "width": 1,
                    "height": 5,
                    "depth": 3,
                    "widthSegments": 1,
                    "heightSegments": 1,
                    "depthSegments": 1
                }
            ],
            "materials": [
                {
                    "uuid": "f2a83ff6-b0df-4bf5-9268-9e2aefc37a28",
                    "type": "MeshBasicMaterial",
                    "color": 16777215,
                    "reflectivity": 1,
                    "refractionRatio": 0.98,
                    "blendColor": 0
                }
            ],
            "object": {
                "uuid": "f2c6697b-4cc1-44f5-9026-42a6dfb6683c",
                "type": "Mesh",
                "layers": 1,
                "matrix": [
                    0.4406106362077945,
                    0.8058622672605626,
                    -0.3955354263099934,
                    0,
                    0,
                    0.4406106362077945,
                    0.8976983163961948,
                    0,
                    0.8976983163961948,
                    -0.3955354263099934,
                    0.19413773273943735,
                    0,
                    0,
                    0,
                    0,
                    1
                ],
                "up": [
                    0,
                    1,
                    0
                ],
                "geometry": "2c577623-653d-4229-bdd6-92544b65d0db",
                "material": "f2a83ff6-b0df-4bf5-9268-9e2aefc37a28"
            }
        }
    ],
    "scene": {
        "metadata": {
            "version": 4.6,
            "type": "Object",
            "generator": "Object3D.toJSON"
        },
        "geometries": [
            {
                "uuid": "8e684a5b-1076-4fb2-933c-75800efa8435",
                "type": "BoxGeometry",
                "width": 2,
                "height": 3,
                "depth": 1,
                "widthSegments": 1,
                "heightSegments": 1,
                "depthSegments": 1
            },
            {
                "uuid": "2c577623-653d-4229-bdd6-92544b65d0db",
                "type": "BoxGeometry",
                "width": 1,
                "height": 5,
                "depth": 3,
                "widthSegments": 1,
                "heightSegments": 1,
                "depthSegments": 1
            }
        ],
        "materials": [
            {
                "uuid": "7636768e-693c-4d8e-aa36-32551a3e17d6",
                "type": "MeshBasicMaterial",
                "color": 16711935,
                "reflectivity": 1,
                "refractionRatio": 0.98,
                "blendColor": 0
            },
            {
                "uuid": "f2a83ff6-b0df-4bf5-9268-9e2aefc37a28",
                "type": "MeshBasicMaterial",
                "color": 16777215,
                "reflectivity": 1,
                "refractionRatio": 0.98,
                "blendColor": 0
            }
        ],
        "object": {
            "uuid": "2f282f5a-f025-4d04-bd22-ff2088e63b60",
            "type": "Scene",
            "layers": 1,
            "matrix": [
                1,
                0,
                0,
                0,
                0,
                1,
                0,
                0,
                0,
                0,
                1,
                0,
                0,
                0,
                0,
                1
            ],
            "up": [
                0,
                1,
                0
            ],
            "children": [
                {
                    "uuid": "8c17b362-0dbd-4a68-8e4e-a60db931bfb8",
                    "type": "Mesh",
                    "layers": 1,
                    "matrix": [
                        0.4406106362077945,
                        0.8058622672605626,
                        -0.3955354263099934,
                        0,
                        0,
                        0.4406106362077945,
                        0.8976983163961948,
                        0,
                        0.8976983163961948,
                        -0.3955354263099934,
                        0.19413773273943735,
                        0,
                        0,
                        0,
                        0,
                        1
                    ],
                    "up": [
                        0,
                        1,
                        0
                    ],
                    "geometry": "8e684a5b-1076-4fb2-933c-75800efa8435",
                    "material": "7636768e-693c-4d8e-aa36-32551a3e17d6"
                },
                {
                    "uuid": "f2c6697b-4cc1-44f5-9026-42a6dfb6683c",
                    "type": "Mesh",
                    "layers": 1,
                    "matrix": [
                        0.4406106362077945,
                        0.8058622672605626,
                        -0.3955354263099934,
                        0,
                        0,
                        0.4406106362077945,
                        0.8976983163961948,
                        0,
                        0.8976983163961948,
                        -0.3955354263099934,
                        0.19413773273943735,
                        0,
                        0,
                        0,
                        0,
                        1
                    ],
                    "up": [
                        0,
                        1,
                        0
                    ],
                    "geometry": "2c577623-653d-4229-bdd6-92544b65d0db",
                    "material": "f2a83ff6-b0df-4bf5-9268-9e2aefc37a28"
                }
            ]
        }
    }
}